A	R	N	D	C	Q	E	G	H	I	L	K	M	F	P	S	T	W	Y	V
0.1657	0.0256	0.1374	-3.9856	-1.7943	-0.4846	-0.8604	-1.143	-2.3233	-0.2658	-0.5769	1.4089	0.4889	2.6426	-6.9648	1.6614	-0.4841	0.1524	2.8597	-1.5047
-1.6789	-7.1972	-3.1138	-8.2757	-2.4181	-0.3255	-7.6409	-9.1823	-5.6655	2.4593	4.4689	-7.4909	4.1672	-4.7861	-6.8438	-3.1846	0.3873	-3.0891	-4.8722	0.5253
0.787	-1.7888	1.9202	-0.5314	-1.7656	-0.2922	-0.5407	-2.7999	-3.0488	-0.2515	-0.6611	-1.8456	1.7513	1.8242	-0.7343	1.6658	-0.3209	0.965	1.794	-0.3531
-0.0081	-0.7297	1.3477	1.5085	0.2977	-0.4474	1.0834	0.3699	0.6948	-2.121	-2.0299	0.182	-0.4662	-0.331	0.2538	1.866	-0.8169	-0.672	0.0476	-1.7531
-0.3091	-2.5901	-0.0196	-0.2551	-1.2694	-0.0697	-0.5384	-3.7199	-0.9728	1.2042	0.1191	0.5669	0.3418	0.8354	-3.1265	0.22	1.064	-0.4608	2.9217	0.3368
-1.2812	-1.5546	0.8795	-1.684	1.012	2.1917	-0.88	-2.6123	-1.8751	1.0087	0.4968	-1.6453	0.5983	2.4662	-2.6803	-0.1481	0.3266	-2.1584	0.8812	0.4966
2.203	-2.9872	0.0028	0.1531	-0.1734	-0.5047	0.024	-2.3065	-0.9829	-0.382	-1.5878	-2.3155	0.205	0.8989	-2.1703	1.1068	2.1351	1.9237	1.4094	-0.9281
-0.1112	-1.0973	0.5454	-2.4222	-1.3107	1.3603	0.2567	-0.5158	-0.9645	-2.9319	0.7465	-0.0621	0.2892	1.7477	-0.5091	0.2346	1.784	1.9498	1.2961	-2.66
0.044	-5.9824	-7.4127	-8.2482	-3.0094	-5.8021	-7.6214	-8.9555	-5.8289	2.9877	3.4004	-5.3671	0.9664	-4.9844	-6.6785	-3.1272	-0.8579	-3.204	-3.9049	3.9776
